  Z(mm) 	  Channel-A 	  Channel-B	  A/B	 Close/open	
0.000000E+0	2.711000E-7	1.389000E-6	1.951764E-1	3.270973E-1
3.375000E+0	2.649000E-7	1.332000E-6	1.988739E-1	3.369782E-1
6.750000E+0	2.666000E-7	1.377000E-6	1.936093E-1	3.276152E-1
1.012500E+1	2.632000E-7	1.360000E-6	1.935294E-1	3.300480E-1
1.350000E+1	2.569000E-7	1.328000E-6	1.934488E-1	3.258085E-1
1.687500E+1	2.569000E-7	1.352000E-6	1.900148E-1	3.289188E-1
2.025000E+1	2.536000E-7	1.324000E-6	1.915408E-1	3.329477E-1
2.362500E+1	2.555000E-7	1.366000E-6	1.870425E-1	3.296501E-1
2.700000E+1	2.507000E-7	1.368000E-6	1.832602E-1	3.297946E-1
3.037500E+1	2.462000E-7	1.335000E-6	1.844195E-1	3.361271E-1
3.375000E+1	2.344000E-7	1.309000E-6	1.790680E-1	3.292849E-1
3.712500E+1	2.329000E-7	1.305000E-6	1.784674E-1	3.342957E-1
4.050000E+1	2.287000E-7	1.330000E-6	1.719549E-1	3.217259E-1
4.387500E+1	2.242000E-7	1.339000E-6	1.674384E-1	3.232259E-1
4.725000E+1	1.982000E-7	1.335000E-6	1.484644E-1	2.923083E-1
5.062500E+1	2.130800E-7	1.334000E-6	1.597301E-1	3.306221E-1
5.400000E+1	2.035100E-7	1.312000E-6	1.551143E-1	3.180818E-1
5.737500E+1	1.952100E-7	1.299000E-6	1.502771E-1	3.202890E-1
6.075000E+1	1.881300E-7	1.310000E-6	1.436107E-1	3.224350E-1
6.412500E+1	1.814200E-7	1.356000E-6	1.337906E-1	3.032029E-1
6.750000E+1	1.666100E-7	1.286000E-6	1.295568E-1	3.096723E-1
7.087500E+1	1.589900E-7	1.331000E-6	1.194515E-1	2.920551E-1
7.425000E+1	1.463200E-7	1.324000E-6	1.105136E-1	2.898914E-1
7.762500E+1	1.344800E-7	1.331000E-6	1.010368E-1	2.757078E-1
8.100000E+1	1.210300E-7	1.303000E-6	9.288565E-2	2.689419E-1
8.437500E+1	1.080200E-7	1.330000E-6	8.121805E-2	2.536136E-1
8.775000E+1	9.323000E-8	1.304000E-6	7.149540E-2	2.439230E-1
9.112500E+1	7.809000E-8	1.271000E-6	6.143981E-2	2.301972E-1
9.450000E+1	6.337000E-8	1.332000E-6	4.757508E-2	2.058023E-1
9.787500E+1	5.042000E-8	1.318000E-6	3.825493E-2	1.871265E-1
1.012500E+2	3.905000E-8	1.294000E-6	3.017774E-2	1.707054E-1
1.046250E+2	3.114000E-8	1.305000E-6	2.386207E-2	1.605240E-1
1.080000E+2	2.483000E-8	1.207000E-6	2.057167E-2	1.771923E-1
1.113750E+2	2.087000E-8	1.267000E-6	1.647198E-2	1.781632E-1
1.147500E+2	1.492000E-8	1.301000E-6	1.146810E-2	1.589390E-1
1.181250E+2	1.010000E-8	1.338000E-6	7.548580E-3	1.143459E-1
1.215000E+2	1.049000E-8	1.296000E-6	8.094136E-3	1.132560E-1
1.248750E+2	1.281000E-8	1.121000E-6	1.142730E-2	1.277951E-1
1.282500E+2	2.144444E-8	1.290000E-6	1.662360E-2	1.456995E-1
1.316250E+2	2.920000E-8	1.165000E-6	2.506438E-2	1.808519E-1
1.350000E+2	4.340000E-8	1.198000E-6	3.622705E-2	2.180960E-1
1.383750E+2	5.760000E-8	1.242000E-6	4.637681E-2	2.325258E-1
1.417500E+2	6.950000E-8	1.136000E-6	6.117958E-2	2.741380E-1
1.451250E+2	8.560000E-8	1.172000E-6	7.303754E-2	2.900692E-1
1.485000E+2	9.890000E-8	1.192000E-6	8.296980E-2	2.931481E-1
1.518750E+2	1.105000E-7	1.102000E-6	1.002722E-1	3.236798E-1
1.552500E+2	1.258000E-7	1.155000E-6	1.089177E-1	3.186663E-1
1.586250E+2	1.413000E-7	1.173000E-6	1.204604E-1	3.281401E-1
1.620000E+2	1.539000E-7	1.157000E-6	1.330164E-1	3.465666E-1
1.653750E+2	1.663000E-7	1.175000E-6	1.415319E-1	3.513354E-1
1.687500E+2	1.735000E-7	1.118000E-6	1.551878E-1	3.597611E-1
1.721250E+2	1.818000E-7	1.085000E-6	1.675576E-1	3.867465E-1
1.755000E+2	1.991000E-7	1.181000E-6	1.685859E-1	3.702741E-1
1.788750E+2	2.117000E-7	1.183000E-6	1.789518E-1	3.721654E-1
1.822500E+2	2.184000E-7	1.201000E-6	1.818485E-1	3.791693E-1
1.856250E+2	2.228000E-7	1.163000E-6	1.915735E-1	3.897620E-1
1.890000E+2	2.281000E-7	1.113000E-6	2.049416E-1	3.944020E-1
1.923750E+2	2.354000E-7	1.156000E-6	2.036332E-1	3.953049E-1
1.957500E+2	2.355000E-7	1.104000E-6	2.133152E-1	4.063313E-1
1.991250E+2	2.373000E-7	1.081000E-6	2.195190E-1	4.093602E-1
2.025000E+2	2.524000E-7	1.142000E-6	2.210158E-1	4.084473E-1
2.058750E+2	2.565000E-7	1.136000E-6	2.257923E-1	4.118413E-1
2.092500E+2	2.616000E-7	1.141000E-6	2.292726E-1	4.096227E-1
2.126250E+2	2.708000E-7	1.133000E-6	2.390115E-1	4.241631E-1
2.160000E+2	2.735000E-7	1.144000E-6	2.390734E-1	4.166780E-1
2.193750E+2	2.764000E-7	1.155000E-6	2.393074E-1	4.137491E-1
2.227500E+2	2.843000E-7	1.162000E-6	2.446644E-1	4.113961E-1
2.261250E+2	2.947000E-7	1.228000E-6	2.399837E-1	4.105991E-1
2.295000E+2	2.897000E-7	1.152000E-6	2.514757E-1	4.250708E-1
2.328750E+2	2.962000E-7	1.183000E-6	2.503804E-1	4.145320E-1
2.362500E+2	2.971000E-7	1.160000E-6	2.561207E-1	4.308255E-1
2.396250E+2	2.907000E-7	1.114000E-6	2.609515E-1	4.335691E-1
2.430000E+2	2.943000E-7	1.136000E-6	2.590669E-1	4.213097E-1
2.463750E+2	2.908000E-7	1.092000E-6	2.663004E-1	4.369083E-1
2.497500E+2	2.958000E-7	1.114000E-6	2.655296E-1	4.276613E-1
2.531250E+2	3.095000E-7	1.152000E-6	2.686632E-1	4.314473E-1
2.565000E+2	3.017000E-7	1.130000E-6	2.669912E-1	4.250567E-1
2.598750E+2	2.982000E-7	1.084000E-6	2.750923E-1	4.458064E-1
2.632500E+2	3.020000E-7	1.088000E-6	2.775735E-1	4.431048E-1
2.666250E+2	3.052000E-7	1.079000E-6	2.828545E-1	4.400747E-1
