 Z(mm) 	  Channel-A 	  Channel-B	  A/B	
0.000000E+0	8.430000E-7	1.200000E-6	7.025000E-1
2.250000E+0	9.704000E-7	1.413000E-6	6.867657E-1
4.500000E+0	6.867000E-7	1.003000E-6	6.846461E-1
6.750000E+0	8.293000E-7	1.240000E-6	6.687903E-1
9.000000E+0	9.166000E-7	1.380000E-6	6.642029E-1
1.125000E+1	9.880000E-7	1.499000E-6	6.591061E-1
1.350000E+1	7.867000E-7	1.163000E-6	6.764402E-1
1.575000E+1	9.306000E-7	1.456000E-6	6.391484E-1
1.800000E+1	9.771000E-7	1.492000E-6	6.548928E-1
2.025000E+1	8.680000E-7	1.325000E-6	6.550943E-1
2.250000E+1	9.047000E-7	1.415000E-6	6.393640E-1
2.475000E+1	8.222000E-7	1.257000E-6	6.540971E-1
2.700000E+1	9.094000E-7	1.440000E-6	6.315278E-1
2.925000E+1	9.150000E-7	1.503000E-6	6.087824E-1
3.150000E+1	7.366000E-7	1.153000E-6	6.388552E-1
3.375000E+1	7.056000E-7	1.102000E-6	6.402904E-1
3.600000E+1	7.650000E-7	1.238000E-6	6.179321E-1
3.825000E+1	9.122000E-7	1.546000E-6	5.900388E-1
4.050000E+1	7.309000E-7	1.209000E-6	6.045492E-1
4.275000E+1	8.356000E-7	1.430000E-6	5.843357E-1
4.500000E+1	8.871000E-7	1.573000E-6	5.639542E-1
4.725000E+1	7.029000E-7	1.181000E-6	5.951736E-1
4.950000E+1	7.156000E-7	1.241000E-6	5.766317E-1
5.175000E+1	4.829000E-7	8.100000E-7	5.961728E-1
5.400000E+1	6.742000E-7	1.196000E-6	5.637124E-1
5.625000E+1	8.539000E-7	1.690000E-6	5.052663E-1
5.850000E+1	6.740000E-7	1.257000E-6	5.361973E-1
6.075000E+1	7.904000E-7	1.567000E-6	5.044033E-1
6.300000E+1	6.790000E-7	1.329000E-6	5.109105E-1
6.525000E+1	4.696000E-7	8.760000E-7	5.360731E-1
6.750000E+1	5.859000E-7	1.152000E-6	5.085937E-1
6.975000E+1	4.947000E-7	9.990000E-7	4.951952E-1
7.200000E+1	6.056000E-7	1.317000E-6	4.598330E-1
7.425000E+1	5.368000E-7	1.249000E-6	4.297838E-1
7.650000E+1	4.996000E-7	1.112000E-6	4.492806E-1
7.875000E+1	3.891000E-7	8.180000E-7	4.756724E-1
8.100000E+1	4.746000E-7	1.129000E-6	4.203720E-1
8.325000E+1	4.696000E-7	1.164000E-6	4.034364E-1
8.550000E+1	5.242000E-7	1.474000E-6	3.556309E-1
8.775000E+1	3.673000E-7	9.260000E-7	3.966523E-1
9.000000E+1	4.563000E-7	1.357000E-6	3.362564E-1
9.225000E+1	3.691000E-7	1.078000E-6	3.423933E-1
9.450000E+1	3.074000E-7	8.550000E-7	3.595322E-1
9.675000E+1	3.198000E-7	1.010000E-6	3.166337E-1
9.900000E+1	2.186000E-7	6.950000E-7	3.145324E-1
1.012500E+2	3.040000E-7	1.268000E-6	2.397476E-1
1.035000E+2	3.014000E-7	1.472000E-6	2.047554E-1
1.057500E+2	2.826000E-7	1.597000E-6	1.769568E-1
1.080000E+2	1.697000E-7	7.060000E-7	2.403683E-1
1.102500E+2	1.970000E-7	1.272000E-6	1.548742E-1
1.125000E+2	1.750000E-7	1.345000E-6	1.301115E-1
1.147500E+2	1.532000E-7	1.430000E-6	1.071329E-1
1.170000E+2	1.219000E-7	1.287000E-6	9.471639E-2
1.192500E+2	9.520000E-8	1.220000E-6	7.803279E-2
1.215000E+2	7.900000E-8	1.097000E-6	7.201459E-2
1.237500E+2	9.170000E-8	1.409000E-6	6.508162E-2
1.260000E+2	1.005000E-7	1.321000E-6	7.607873E-2
1.282500E+2	1.204000E-7	1.239000E-6	9.717514E-2
1.305000E+2	1.222000E-7	8.890000E-7	1.374578E-1
1.327500E+2	1.641000E-7	1.153000E-6	1.423244E-1
1.350000E+2	1.714000E-7	9.510000E-7	1.802313E-1
1.372500E+2	2.082000E-7	1.052000E-6	1.979087E-1
1.395000E+2	2.958000E-7	1.647000E-6	1.795993E-1
1.417500E+2	2.743000E-7	1.175000E-6	2.334468E-1
1.440000E+2	3.218000E-7	1.316000E-6	2.445289E-1
1.462500E+2	3.643000E-7	1.450000E-6	2.512414E-1
1.485000E+2	4.012000E-7	1.520000E-6	2.639474E-1
1.507500E+2	4.079000E-7	1.376000E-6	2.964390E-1
1.530000E+2	4.334000E-7	1.334000E-6	3.248876E-1
1.552500E+2	5.076000E-7	1.623000E-6	3.127542E-1
1.575000E+2	5.611000E-7	1.744000E-6	3.217317E-1
1.597500E+2	5.212000E-7	1.413000E-6	3.688606E-1
1.620000E+2	5.377000E-7	1.370000E-6	3.924818E-1
1.642500E+2	5.785000E-7	1.447000E-6	3.997927E-1
1.665000E+2	5.890000E-7	1.388000E-6	4.243516E-1
1.687500E+2	5.973000E-7	1.348000E-6	4.431009E-1
1.710000E+2	6.374000E-7	1.417000E-6	4.498236E-1
1.732500E+2	6.108000E-7	1.298000E-6	4.705701E-1
1.755000E+2	6.015000E-7	1.201000E-6	5.008326E-1
1.777500E+2	5.861000E-7	1.134000E-6	5.168430E-1
1.800000E+2	6.630000E-7	1.304000E-6	5.084356E-1
1.822500E+2	6.759000E-7	1.274000E-6	5.305338E-1
1.845000E+2	7.038000E-7	1.309000E-6	5.376623E-1
1.867500E+2	6.715000E-7	1.225000E-6	5.481633E-1
1.890000E+2	6.432000E-7	1.126000E-6	5.712256E-1
1.912500E+2	6.821000E-7	1.213000E-6	5.623248E-1
1.935000E+2	7.216000E-7	1.246000E-6	5.791332E-1
1.957500E+2	7.337000E-7	1.274000E-6	5.759027E-1
1.980000E+2	6.804000E-7	1.136000E-6	5.989437E-1
2.002500E+2	6.890000E-7	1.125000E-6	6.124444E-1
2.025000E+2	7.855000E-7	1.314000E-6	5.977930E-1
2.047500E+2	8.445000E-7	1.373000E-6	6.150765E-1
2.070000E+2	9.894000E-7	1.697000E-6	5.830289E-1
2.092500E+2	5.722000E-7	8.750000E-7	6.539429E-1
2.115000E+2	7.302000E-7	1.123000E-6	6.502226E-1
2.137500E+2	4.742000E-7	7.100000E-7	6.678873E-1
2.160000E+2	7.837000E-7	1.188000E-6	6.596801E-1
2.182500E+2	9.600000E-7	1.514000E-6	6.340819E-1
2.205000E+2	2.468000E-7	3.290000E-7	7.501520E-1
2.227500E+2	7.993000E-7	1.186000E-6	6.739460E-1
2.250000E+2	6.787000E-7	1.012000E-6	6.706522E-1
2.272500E+2	8.432000E-7	1.252000E-6	6.734824E-1
2.295000E+2	9.330000E-7	1.386000E-6	6.731602E-1
2.317500E+2	6.200000E-7	8.800000E-7	7.045455E-1
2.340000E+2	8.931000E-7	1.295000E-6	6.896525E-1
2.362500E+2	1.015500E-6	1.487000E-6	6.829186E-1
2.385000E+2	7.080000E-7	9.800000E-7	7.224490E-1
2.407500E+2	7.181000E-7	1.018000E-6	7.054028E-1
2.430000E+2	3.475000E-7	4.840000E-7	7.179752E-1
2.452500E+2	5.750000E-7	7.600000E-7	7.565789E-1
2.475000E+2	7.547000E-7	1.055000E-6	7.153555E-1
2.497500E+2	5.232000E-7	7.180000E-7	7.286908E-1
2.520000E+2	9.281000E-7	1.289000E-6	7.200155E-1
2.542500E+2	7.953000E-7	1.099000E-6	7.236579E-1
2.565000E+2	8.243000E-7	1.143000E-6	7.211724E-1
2.587500E+2	1.075300E-6	1.491000E-6	7.211938E-1
2.610000E+2	5.531000E-7	7.520000E-7	7.355053E-1
2.632500E+2	5.426000E-7	7.170000E-7	7.567643E-1
2.655000E+2	7.738000E-7	1.056000E-6	7.327652E-1
2.677500E+2	1.036700E-6	1.451000E-6	7.144728E-1
