  Z(mm) 	  Channel-A 	  Channel-B	  A/B	 Close/open	
0.000000E+0	8.180000E-8	6.960000E-7	1.175287E-1	2.752338E-1
2.250000E+0	9.033333E-8	6.911111E-7	1.307074E-1	3.701775E-1
4.500000E+0	1.533000E-7	1.413000E-6	1.084926E-1	2.758113E-1
6.750000E+0	8.820000E-8	7.200000E-7	1.225000E-1	3.630267E-1
9.000000E+0	7.890000E-8	6.260000E-7	1.260383E-1	3.645068E-1
1.125000E+1	1.237000E-7	1.110000E-6	1.114414E-1	3.316487E-1
1.350000E+1	8.240000E-8	7.320000E-7	1.125683E-1	2.800390E-1
1.575000E+1	7.210000E-8	5.850000E-7	1.232479E-1	3.605738E-1
1.800000E+1	7.610000E-8	6.990000E-7	1.088698E-1	2.866025E-1
2.025000E+1	6.970000E-8	5.880000E-7	1.185374E-1	3.448138E-1
2.250000E+1	5.270000E-8	4.390000E-7	1.200456E-1	3.756242E-1
2.475000E+1	4.050000E-8	3.740000E-7	1.082888E-1	3.151388E-1
2.700000E+1	1.015000E-7	9.950000E-7	1.020101E-1	2.633465E-1
2.925000E+1	5.340000E-8	4.950000E-7	1.078788E-1	3.426505E-1
3.150000E+1	5.180000E-8	4.820000E-7	1.074689E-1	3.655404E-1
3.375000E+1	5.820000E-8	5.540000E-7	1.050542E-1	3.134972E-1
3.600000E+1	7.100000E-8	6.720000E-7	1.056548E-1	3.151818E-1
3.825000E+1	4.470000E-8	4.100000E-7	1.090244E-1	3.279054E-1
4.050000E+1	7.590000E-8	7.770000E-7	9.768340E-2	2.655726E-1
4.275000E+1	8.930000E-8	1.022000E-6	8.737769E-2	2.723546E-1
4.500000E+1	4.670000E-8	4.720000E-7	9.894068E-2	3.120519E-1
4.725000E+1	3.360000E-8	3.090000E-7	1.087379E-1	2.992116E-1
4.950000E+1	8.860000E-8	1.097000E-6	8.076572E-2	3.309742E-1
5.175000E+1	7.520000E-8	8.640000E-7	8.703704E-2	4.102211E-1
5.400000E+1	4.980000E-8	5.500000E-7	9.054545E-2	3.133033E-1
5.625000E+1	4.820000E-8	5.600000E-7	8.607143E-2	2.478857E-1
5.850000E+1	6.520000E-8	7.740000E-7	8.423773E-2	3.956956E-1
6.075000E+1	6.160000E-8	8.200000E-7	7.512195E-2	3.535151E-1
6.300000E+1	3.550000E-8	4.390000E-7	8.086560E-2	3.305009E-1
6.525000E+1	3.710000E-8	4.230000E-7	8.770686E-2	3.705385E-1
6.750000E+1	3.070000E-8	3.380000E-7	9.082840E-2	5.135110E-1
6.975000E+1	3.760000E-8	4.410000E-7	8.526077E-2	5.006246E-1
7.200000E+1	4.680000E-8	5.480000E-7	8.540146E-2	4.112194E-1
7.425000E+1	4.790000E-8	5.700000E-7	8.403509E-2	3.857226E-1
7.650000E+1	3.480000E-8	3.520000E-7	9.886364E-2	3.590081E-1
7.875000E+1	7.180000E-8	8.280000E-7	8.671498E-2	4.513047E-1
8.100000E+1	5.240000E-8	5.650000E-7	9.274336E-2	4.180704E-1
8.325000E+1	7.310000E-8	8.560000E-7	8.539720E-2	3.499753E-1
8.550000E+1	5.690000E-8	6.300000E-7	9.031746E-2	3.539887E-1
8.775000E+1	3.460000E-8	3.440000E-7	1.005814E-1	4.609466E-1
9.000000E+1	4.480000E-8	4.230000E-7	1.059102E-1	4.563964E-1
9.225000E+1	6.000000E-8	5.660000E-7	1.060071E-1	3.924554E-1
9.450000E+1	5.770000E-8	5.820000E-7	9.914089E-2	3.757637E-1
9.675000E+1	5.030000E-8	4.610000E-7	1.091106E-1	4.154746E-1
9.900000E+1	6.420000E-8	5.870000E-7	1.093697E-1	4.081317E-1
1.012500E+2	5.144444E-8	4.611111E-7	1.115663E-1	4.339475E-1
1.035000E+2	6.580000E-8	5.720000E-7	1.150350E-1	4.683960E-1
1.057500E+2	6.880000E-8	5.610000E-7	1.226381E-1	4.298421E-1
1.080000E+2	4.660000E-8	3.790000E-7	1.229551E-1	5.183749E-1
1.102500E+2	4.800000E-8	3.800000E-7	1.263158E-1	4.610700E-1
1.125000E+2	4.710000E-8	3.750000E-7	1.256000E-1	3.970436E-1
1.147500E+2	6.950000E-8	5.640000E-7	1.232270E-1	3.177958E-1
1.170000E+2	7.660000E-8	6.070000E-7	1.261944E-1	3.651458E-1
1.192500E+2	5.700000E-8	4.500000E-7	1.266667E-1	3.413474E-1
1.215000E+2	3.860000E-8	2.960000E-7	1.304054E-1	4.224973E-1
1.237500E+2	5.990000E-8	4.490000E-7	1.334076E-1	3.814099E-1
1.260000E+2	7.580000E-8	5.640000E-7	1.343972E-1	3.836087E-1
1.282500E+2	5.590000E-8	3.880000E-7	1.440722E-1	3.784582E-1
1.305000E+2	7.740000E-8	5.910000E-7	1.309645E-1	3.521607E-1
1.327500E+2	1.070000E-7	7.890000E-7	1.356147E-1	3.655806E-1
1.350000E+2	1.023000E-7	7.100000E-7	1.440845E-1	3.826013E-1
1.372500E+2	5.060000E-8	3.480000E-7	1.454023E-1	4.140869E-1
1.395000E+2	1.055000E-7	7.440000E-7	1.418011E-1	4.014134E-1
1.417500E+2	1.234000E-7	1.026000E-6	1.202729E-1	2.943275E-1
1.440000E+2	3.410000E-8	2.520000E-7	1.353175E-1	3.503188E-1
1.462500E+2	5.760000E-8	4.230000E-7	1.361702E-1	3.841482E-1
1.485000E+2	9.320000E-8	6.290000E-7	1.481717E-1	3.905566E-1
1.507500E+2	1.068000E-7	7.950000E-7	1.343396E-1	3.549788E-1
1.530000E+2	9.100000E-8	5.600000E-7	1.625000E-1	4.137104E-1
1.552500E+2	7.700000E-8	5.410000E-7	1.423290E-1	3.380620E-1
1.575000E+2	6.840000E-8	4.580000E-7	1.493450E-1	3.507344E-1
1.597500E+2	1.270000E-7	8.640000E-7	1.469907E-1	3.695476E-1
1.620000E+2	1.226000E-7	7.750000E-7	1.581935E-1	3.985460E-1
1.642500E+2	8.510000E-8	5.640000E-7	1.508865E-1	3.862119E-1
1.665000E+2	1.585000E-7	1.171000E-6	1.353544E-1	3.375232E-1
1.687500E+2	8.260000E-8	5.170000E-7	1.597679E-1	3.854794E-1
1.710000E+2	8.130000E-8	5.230000E-7	1.554493E-1	3.937781E-1
1.732500E+2	1.314000E-7	8.500000E-7	1.545882E-1	3.843608E-1
1.755000E+2	9.710000E-8	6.040000E-7	1.607616E-1	3.893007E-1
1.777500E+2	1.156000E-7	7.040000E-7	1.642045E-1	4.022149E-1
