  Z(mm) 	  Channel-A 	  Channel-B	  A/B	 Close/open	
0.000000E+0	4.450000E-8	1.027100E-6	4.332587E-2	3.189265E-1
3.000000E+0	5.000000E-8	1.064700E-6	4.696159E-2	3.425065E-1
6.000000E+0	5.290000E-8	1.081000E-6	4.893617E-2	2.358422E-1
9.000000E+0	4.960000E-8	1.058200E-6	4.687205E-2	2.149113E-1
1.200000E+1	4.970000E-8	1.053500E-6	4.717608E-2	2.143573E-1
1.500000E+1	5.600000E-8	1.086400E-6	5.154639E-2	2.336887E-1
1.800000E+1	5.950000E-8	1.111300E-6	5.354090E-2	2.344087E-1
2.100000E+1	5.990000E-8	9.997000E-7	5.991798E-2	2.692331E-1
2.400000E+1	5.360000E-8	1.068900E-6	5.014501E-2	2.303848E-1
2.700000E+1	4.110000E-8	1.002000E-6	4.101796E-2	1.842376E-1
3.000000E+1	4.340000E-8	1.018500E-6	4.261168E-2	1.996134E-1
3.300000E+1	5.600000E-8	1.077300E-6	5.198181E-2	2.342600E-1
3.600000E+1	5.710000E-8	1.080300E-6	5.285569E-2	2.440515E-1
3.900000E+1	5.140000E-8	1.055600E-6	4.869269E-2	2.214227E-1
4.200000E+1	6.270000E-8	1.117300E-6	5.611743E-2	2.438320E-1
4.500000E+1	6.010000E-8	1.091900E-6	5.504167E-2	2.460241E-1
4.800000E+1	5.110000E-8	1.050600E-6	4.863887E-2	2.268320E-1
5.100000E+1	5.510000E-8	1.068300E-6	5.157727E-2	2.335832E-1
5.400000E+1	6.020000E-8	1.088300E-6	5.531563E-2	2.446327E-1
5.700000E+1	5.760000E-8	1.078200E-6	5.342237E-2	2.373528E-1
6.000000E+1	5.480000E-8	1.061800E-6	5.161047E-2	2.303352E-1
6.300000E+1	5.700000E-8	1.074700E-6	5.303806E-2	2.369198E-1
6.600000E+1	5.690000E-8	1.074600E-6	5.294993E-2	2.360749E-1
6.900000E+1	4.620000E-8	1.026100E-6	4.502485E-2	2.009510E-1
7.200000E+1	4.740000E-8	1.019400E-6	4.649794E-2	2.054332E-1
7.500000E+1	5.380000E-8	1.057000E-6	5.089877E-2	2.241354E-1
7.800000E+1	4.210000E-8	9.963000E-7	4.225635E-2	1.863473E-1
8.100000E+1	4.990000E-8	1.029200E-6	4.848426E-2	2.131296E-1
8.400000E+1	5.730000E-8	1.067000E-6	5.370197E-2	2.371005E-1
8.700000E+1	5.140000E-8	1.042400E-6	4.930929E-2	2.190098E-1
9.000000E+1	5.790000E-8	1.080100E-6	5.360615E-2	2.382622E-1
9.300000E+1	6.030000E-8	1.087000E-6	5.547378E-2	2.415528E-1
9.600000E+1	5.330000E-8	1.052200E-6	5.065577E-2	2.188313E-1
9.900000E+1	4.380000E-8	1.007700E-6	4.346532E-2	1.916523E-1
1.020000E+2	5.430000E-8	1.060000E-6	5.122642E-2	2.280894E-1
1.050000E+2	4.800000E-8	1.026600E-6	4.675628E-2	2.082692E-1
1.080000E+2	5.030000E-8	1.048100E-6	4.799160E-2	2.124044E-1
1.110000E+2	3.750000E-8	9.819000E-7	3.819126E-2	1.723790E-1
1.140000E+2	4.740000E-8	1.057700E-6	4.481422E-2	2.064676E-1
1.170000E+2	4.080000E-8	1.013900E-6	4.024065E-2	1.886201E-1
1.200000E+2	4.330000E-8	1.073500E-6	4.033535E-2	1.922511E-1
1.230000E+2	3.700000E-8	1.097000E-6	3.372835E-2	1.645956E-1
1.260000E+2	3.150000E-8	9.935000E-7	3.170609E-2	1.654572E-1
1.290000E+2	2.700000E-8	1.033900E-6	2.611471E-2	1.494881E-1
1.320000E+2	2.290000E-8	1.049400E-6	2.182199E-2	1.498121E-1
1.350000E+2	2.380000E-8	1.036300E-6	2.296632E-2	1.765536E-1
1.380000E+2	3.340000E-8	1.017400E-6	3.282878E-2	2.100842E-1
1.410000E+2	4.970000E-8	1.048900E-6	4.738297E-2	2.572147E-1
1.440000E+2	5.400000E-8	1.056300E-6	5.112184E-2	2.568118E-1
1.470000E+2	4.720000E-8	1.015600E-6	4.647499E-2	2.244114E-1
1.500000E+2	3.800000E-8	9.750000E-7	3.897436E-2	1.836607E-1
1.530000E+2	5.910000E-8	1.067500E-6	5.536300E-2	2.665480E-1
1.560000E+2	5.950000E-8	1.071500E-6	5.552963E-2	2.592709E-1
1.590000E+2	6.400000E-8	1.086800E-6	5.888848E-2	2.719688E-1
1.620000E+2	5.320000E-8	1.042900E-6	5.101160E-2	2.403544E-1
1.650000E+2	6.200000E-8	1.090200E-6	5.687030E-2	2.939066E-1
1.680000E+2	6.000000E-8	1.091600E-6	5.496519E-2	3.052660E-1
1.710000E+2	5.640000E-8	1.072400E-6	5.259232E-2	2.883902E-1
1.740000E+2	6.200000E-8	1.080700E-6	5.737022E-2	2.948054E-1
1.770000E+2	5.270000E-8	1.030700E-6	5.113030E-2	2.295111E-1
1.800000E+2	6.580000E-8	1.077900E-6	6.104462E-2	2.792600E-1
1.830000E+2	5.930000E-8	1.040300E-6	5.700279E-2	2.431472E-1
1.860000E+2	7.320000E-8	1.099600E-6	6.656966E-2	2.770215E-1
1.890000E+2	6.670000E-8	1.071800E-6	6.223176E-2	2.600381E-1
1.920000E+2	7.420000E-8	1.102500E-6	6.730159E-2	2.753315E-1
1.950000E+2	7.180000E-8	1.087900E-6	6.599871E-2	2.725483E-1
1.980000E+2	5.780000E-8	1.024400E-6	5.642327E-2	2.347965E-1
2.010000E+2	7.150000E-8	1.079100E-6	6.625892E-2	2.730212E-1
2.040000E+2	7.320000E-8	1.088200E-6	6.726705E-2	2.750189E-1
2.070000E+2	6.850000E-8	1.057200E-6	6.479379E-2	2.660318E-1
2.100000E+2	7.240000E-8	1.069000E-6	6.772685E-2	2.737140E-1
2.130000E+2	7.620000E-8	1.086200E-6	7.015283E-2	2.836555E-1
2.160000E+2	7.250000E-8	1.077200E-6	6.730412E-2	2.732331E-1
2.190000E+2	6.740000E-8	1.052000E-6	6.406844E-2	2.529241E-1
2.220000E+2	7.340000E-8	1.084100E-6	6.770593E-2	2.734753E-1
2.250000E+2	7.590000E-8	1.094300E-6	6.935941E-2	2.817347E-1
2.280000E+2	6.870000E-8	1.061600E-6	6.471364E-2	2.521696E-1
2.310000E+2	6.110000E-8	1.037100E-6	5.891428E-2	2.294242E-1
2.340000E+2	7.280000E-8	1.078900E-6	6.747613E-2	2.716645E-1
2.370000E+2	7.590000E-8	1.094600E-6	6.934040E-2	2.707125E-1
2.400000E+2	7.230000E-8	1.077700E-6	6.708732E-2	2.626744E-1
2.430000E+2	7.000000E-8	1.068800E-6	6.549401E-2	2.544631E-1
2.460000E+2	5.560000E-8	1.006700E-6	5.522996E-2	2.110279E-1
2.490000E+2	7.040000E-8	1.062400E-6	6.626506E-2	2.558399E-1
2.520000E+2	7.040000E-8	1.057500E-6	6.657210E-2	2.599544E-1
2.550000E+2	7.800000E-8	1.087000E-6	7.175713E-2	2.716466E-1
2.580000E+2	7.610000E-8	1.081500E-6	7.036523E-2	2.696392E-1
2.610000E+2	6.880000E-8	1.040500E-6	6.612206E-2	2.511039E-1
2.640000E+2	7.090000E-8	1.047300E-6	6.769789E-2	2.573679E-1
2.670000E+2	6.940000E-8	1.036000E-6	6.698842E-2	2.520494E-1
2.700000E+2	7.280000E-8	1.051100E-6	6.926077E-2	2.660348E-1
2.730000E+2	8.540000E-8	1.098400E-6	7.774945E-2	2.909103E-1
2.760000E+2	8.310000E-8	1.086700E-6	7.647005E-2	2.888326E-1
2.790000E+2	7.100000E-8	1.033400E-6	6.870524E-2	2.571747E-1
2.820000E+2	7.560000E-8	1.046400E-6	7.224771E-2	2.679945E-1
2.850000E+2	7.340000E-8	1.046500E-6	7.013856E-2	2.616874E-1
2.880000E+2	8.260000E-8	1.076300E-6	7.674440E-2	2.927009E-1
2.910000E+2	8.020000E-8	1.056700E-6	7.589666E-2	2.872199E-1
2.940000E+2	7.150000E-8	1.024800E-6	6.976971E-2	2.652996E-1
2.970000E+2	9.120000E-8	1.088800E-6	8.376194E-2	3.230028E-1
