# 
#      Intensity dependent refractive index 
#     E[eV] Im[n2_x](cm2/W)  Re[n2_x](cm2/W)  Im[n2_y]  Re[n2_y]  Im[n2_z]  Re[n2_z]
#     
2.500000000000000000e+00 4.059067954384309328e-15 -2.197154782553262452e-14 -1.030786079568773323e-71 4.289282507814810495e-70 2.196140420451708931e+248 -9.138527262696712519e+249
2.549999999999999822e+00 4.159394546461347371e-15 -2.185504732208541978e-14 -1.500269755905213279e+207 6.051716461633452585e+208 -3.108108333343524084e+243 1.266211160589628494e+245
2.600000000000000089e+00 5.404790639262294253e-15 -3.262872456379366816e-14 -5.221587727780472541e+190 -1.308735078327430693e+189 -2.578322379613695285e+245 -6.462289068986118667e+243
2.649999999999999911e+00 5.996116654896163726e-15 -4.329869977612729222e-14 3.245964823390951202e+189 8.304483580660877815e+187 -1.114155869758188643e-61 4.354889411102701822e-60
2.700000000000000178e+00 6.849336064284645256e-15 -4.303495985381146261e-14 -3.779026791802131976e+144 1.447518400599943764e+146 2.319693187767693240e+235 -2.949111251014717797e+235
2.750000000000000000e+00 7.835481865445185498e-15 -3.201925044478631701e-14 5.135708630191364941e+190 1.367784732247287389e+189 4.456997417884033623e+235 1.187024704635591676e+234
2.799999999999999822e+00 9.911223357490860198e-15 -4.245328568733755501e-14 9.854257639793118961e+174 -3.627969699809439863e+176 -6.185541291578635535e+253 -1.680110986924620390e+252
2.850000000000000089e+00 1.218439446363449908e-14 -5.274938137747817282e-14 0.000000000000000000e+00 0.000000000000000000e+00 -2.093086156242219967e+271 7.557824411507421142e+272
2.899999999999999911e+00 1.635604426799078059e-14 -5.230256255240929121e-14 -9.715425059608299164e+156 -2.742685163517904885e+155 4.340012121277046288e+248 -1.537364298422637010e+250
2.950000000000000178e+00 2.432453296205453963e-14 -7.270992960665512112e-14 -9.247263338735810310e+209 -2.660440238227116082e+208 -6.899233564734391866e+233 2.398062872897261509e+235
3.000000000000000000e+00 4.208658242846303270e-14 -1.133871268168146364e-13 0.000000000000000000e+00 0.000000000000000000e+00 -7.273354623731115480e+257 2.481145756045340656e+259
3.049999999999999822e+00 7.683140977345935334e-14 -1.012235022786833002e-13 -2.830716593418189659e+242 9.478406592411614496e+243 1.151649191542012889e+205 -3.856196453801865737e+206
3.100000000000000089e+00 1.218743506911544884e-13 -8.883330158108200221e-14 -8.416362476117041808e+203 2.766660960453599306e+205 2.702951512360093565e+259 8.222554193868940319e+257
3.149999999999999911e+00 1.479243034232656071e-13 -3.524265701868085534e-14 -4.080721519186741027e-86 -1.264170786905988911e-87 7.682539769194316405e+244 2.379981595029678023e+243
3.200000000000000178e+00 1.350421389793471399e-13 2.048232452585140364e-14 4.073617629984798646e-95 1.284739839219644138e-96 1.578455845572886612e+84 -5.007924844071311357e+85
3.250000000000000000e+00 9.333475259319649853e-14 4.326088401217719325e-14 3.006750605650903309e+189 9.651218130610579757e+187 -3.624845483215972664e+277 -1.163520991149928605e+276
3.299999999999999822e+00 4.812768464999775753e-14 3.154645062438815590e-14 2.279407314438151781e+237 -6.978519066766120159e+238 5.435453358230519978e+267 1.775392747874151895e+266
3.350000000000000089e+00 2.651177968267711970e-14 1.079648732634785339e-14 -1.612372242174488732e+229 -5.358811311805764015e+227 1.024282670518661774e+143 3.404262004572523780e+141
3.399999999999999911e+00 1.900290219268129483e-14 -9.195290286210334615e-15 2.019119338802306176e+200 6.827669609386094386e+198 3.936570718109124024e+141 -1.164146263692992221e+143
3.450000000000000178e+00 1.729599542926140793e-14 -9.164041961109133848e-15 2.822183680727557348e+202 -8.203716938960230391e+203 8.956377941835215385e+142 1.040064335342675064e+143
3.500000000000000000e+00 1.992352919177544416e-14 -2.253197974087634538e-14 -3.866795790394730262e+63 -1.353151485788863448e+62 4.311893009745475375e+109 1.508909378455719195e+108
3.549999999999999822e+00 2.781948630210125037e-14 -3.739864807546260534e-14 3.070552838359839015e-44 -8.626563963131565153e-43 2.920459968056708829e+109 1.039513145970752149e+108
3.600000000000000089e+00 4.529678451569779084e-14 -5.544528006769710590e-14 -3.654046313968060239e+173 1.009346343507747377e+175 -7.342140140914160797e+83 2.028097530243274892e+85
3.649999999999999911e+00 7.418445879155585409e-14 -6.327685833250195006e-14 1.004681206716749553e+234 3.699112507267538480e+232 0.000000000000000000e+00 0.000000000000000000e+00
3.700000000000000178e+00 1.059026976212670106e-13 -3.341019661510239085e-14 -3.271386785638980051e-106 8.736774674653893908e-105 0.000000000000000000e+00 0.000000000000000000e+00
3.750000000000000000e+00 1.262839691785076150e-13 -1.277911262360466581e-14 2.525113012343881856e-52 -6.631680128904953411e-51 0.000000000000000000e+00 0.000000000000000000e+00
3.799999999999999822e+00 1.179405119524346753e-13 3.206967169482343323e-14 -6.939432163600529058e+219 -2.686626467687384310e+218 0.000000000000000000e+00 0.000000000000000000e+00
3.850000000000000089e+00 9.464588509498887019e-14 4.003549715357272930e-14 4.804008329464111126e+203 -1.220483577082390033e+205 0.000000000000000000e+00 0.000000000000000000e+00
3.899999999999999911e+00 8.181755539889641854e-14 2.124548926032354870e-14 1.454155590877396755e+170 5.819345366605014799e+168 0.000000000000000000e+00 0.000000000000000000e+00
3.950000000000000178e+00 7.490134302536165668e-14 3.861618204050208463e-14 -4.842936203497484580e+144 1.190272750925337064e+146 0.000000000000000000e+00 0.000000000000000000e+00
4.000000000000000000e+00 8.058342122779285554e-14 2.972496281520186834e-14 7.079352125600822422e+256 2.928641811178964520e+255 0.000000000000000000e+00 0.000000000000000000e+00
4.049999999999999822e+00 7.474008244521470799e-14 6.404687120248347054e-14 -2.026626026567144153e+207 4.790342043679085779e+208 0.000000000000000000e+00 0.000000000000000000e+00
4.099999999999999645e+00 5.914156982328157216e-14 6.532487301966484403e-14 -1.131497419166029076e-90 -4.839105769593733839e-92 0.000000000000000000e+00 0.000000000000000000e+00
4.150000000000000355e+00 3.730125813572086518e-14 6.113677335503555854e-14 7.488976541905011937e+209 3.256666758072056704e+208 0.000000000000000000e+00 0.000000000000000000e+00
4.200000000000000178e+00 2.470096533749851060e-14 6.829480170637216145e-14 0.000000000000000000e+00 0.000000000000000000e+00 0.000000000000000000e+00 0.000000000000000000e+00
4.250000000000000000e+00 2.206687862297326842e-14 2.588268539427376456e-14 -6.062101571408184118e+227 1.347929823184363188e+229 0.000000000000000000e+00 0.000000000000000000e+00
4.299999999999999822e+00 2.503591637034220612e-14 2.571941921668969379e-14 0.000000000000000000e+00 0.000000000000000000e+00 0.000000000000000000e+00 0.000000000000000000e+00
4.349999999999999645e+00 4.070892499665920752e-14 -6.189743291451280497e-15 -1.086258491408118699e+205 -5.055017685895648778e+203 0.000000000000000000e+00 0.000000000000000000e+00
4.400000000000000355e+00 6.403455707596231908e-14 -4.943036917472915362e-15 0.000000000000000000e+00 0.000000000000000000e+00 0.000000000000000000e+00 0.000000000000000000e+00
4.450000000000000178e+00 1.054832329090470772e-13 -1.850893390957489792e-14 7.228934215913462591e+156 3.483523726251770257e+155 0.000000000000000000e+00 0.000000000000000000e+00
4.500000000000000000e+00 1.743580519535436390e-13 8.022676213907026636e-16 0.000000000000000000e+00 0.000000000000000000e+00 0.000000000000000000e+00 0.000000000000000000e+00
4.549999999999999822e+00 1.995724304860876898e-13 1.153456265911867771e-13 -1.991376312236944540e+143 -9.946313864612056462e+141 0.000000000000000000e+00 0.000000000000000000e+00
4.599999999999999645e+00 9.922107574825608355e-14 1.779804564106319225e-13 -1.170215073762652788e+248 2.301118235426046173e+249 0.000000000000000000e+00 0.000000000000000000e+00
4.650000000000000355e+00 4.543513953047427840e-14 1.799389767014004356e-13 4.258185449926108419e+244 2.205637104918278583e+243 0.000000000000000000e+00 0.000000000000000000e+00
4.700000000000000178e+00 2.171124105172253336e-14 1.539755834060911901e-13 2.004254544243137414e+259 1.057858238019854468e+258 0.000000000000000000e+00 0.000000000000000000e+00
4.750000000000000000e+00 1.273421223867055667e-14 1.222936448403127381e-13 -2.462460208426006682e+240 -1.324939845377773691e+239 0.000000000000000000e+00 0.000000000000000000e+00
