  Z(mm) 	  Channel-A 	  Channel-B	  A/B	 Close/open	
0.000000E+0	1.675000E-7	1.842000E-6	9.093377E-2	1.760457E-1
2.250000E+0	1.663000E-7	1.838000E-6	9.047878E-2	1.765806E-1
4.500000E+0	1.633000E-7	1.781000E-6	9.169006E-2	1.774702E-1
6.750000E+0	1.721000E-7	1.946000E-6	8.843782E-2	1.714611E-1
9.000000E+0	1.611000E-7	1.786000E-6	9.020157E-2	1.737355E-1
1.125000E+1	1.407000E-7	1.447000E-6	9.723566E-2	1.893441E-1
1.350000E+1	1.534000E-7	1.679000E-6	9.136391E-2	1.780482E-1
1.575000E+1	1.534000E-7	1.674000E-6	9.163680E-2	1.807622E-1
1.800000E+1	1.557000E-7	1.717000E-6	9.068142E-2	1.816333E-1
2.025000E+1	1.674000E-7	1.891000E-6	8.852459E-2	1.727132E-1
2.250000E+1	1.550000E-7	1.688000E-6	9.182464E-2	1.785971E-1
2.475000E+1	1.491000E-7	1.656000E-6	9.003623E-2	1.776568E-1
2.700000E+1	1.540000E-7	1.744000E-6	8.830275E-2	1.743760E-1
2.925000E+1	1.510000E-7	1.672000E-6	9.031100E-2	1.812475E-1
3.150000E+1	1.562000E-7	1.727000E-6	9.044586E-2	1.771069E-1
3.375000E+1	1.516000E-7	1.718000E-6	8.824214E-2	1.782602E-1
3.600000E+1	1.373000E-7	1.484000E-6	9.252022E-2	1.893212E-1
3.825000E+1	1.410000E-7	1.576000E-6	8.946701E-2	1.826697E-1
4.050000E+1	1.439000E-7	1.658000E-6	8.679131E-2	1.796208E-1
4.275000E+1	1.294000E-7	1.436000E-6	9.011142E-2	1.812218E-1
4.500000E+1	1.239000E-7	1.366000E-6	9.070278E-2	1.870477E-1
4.725000E+1	1.463000E-7	1.745000E-6	8.383954E-2	1.735341E-1
4.950000E+1	1.467000E-7	1.881000E-6	7.799043E-2	1.623081E-1
5.175000E+1	1.467000E-7	1.875000E-6	7.824000E-2	1.630273E-1
5.400000E+1	1.493000E-7	2.014000E-6	7.413108E-2	1.608251E-1
5.625000E+1	1.331000E-7	1.718000E-6	7.747381E-2	1.693764E-1
5.850000E+1	1.257000E-7	1.610000E-6	7.807453E-2	1.650176E-1
6.075000E+1	1.374000E-7	1.905000E-6	7.212598E-2	1.536788E-1
6.300000E+1	1.350000E-7	1.957000E-6	6.898314E-2	1.487559E-1
6.525000E+1	1.325000E-7	1.971000E-6	6.722476E-2	1.437569E-1
6.750000E+1	1.272000E-7	1.939000E-6	6.560083E-2	1.434798E-1
6.975000E+1	1.259000E-7	2.024000E-6	6.220356E-2	1.431839E-1
7.200000E+1	1.190000E-7	1.905000E-6	6.246719E-2	1.397752E-1
7.425000E+1	1.145000E-7	1.907000E-6	6.004195E-2	1.468613E-1
7.650000E+1	1.108000E-7	1.884000E-6	5.881104E-2	1.501714E-1
7.875000E+1	1.060000E-7	1.940000E-6	5.463918E-2	1.317966E-1
8.100000E+1	1.015000E-7	1.887000E-6	5.378908E-2	1.372905E-1
8.325000E+1	9.240000E-8	1.738000E-6	5.316456E-2	1.392702E-1
8.550000E+1	8.970000E-8	1.818000E-6	4.933993E-2	1.345397E-1
8.775000E+1	7.860000E-8	1.651000E-6	4.760751E-2	1.340406E-1
9.000000E+1	7.670000E-8	1.819000E-6	4.216603E-2	1.216987E-1
9.225000E+1	6.880000E-8	1.826000E-6	3.767798E-2	1.119729E-1
9.450000E+1	6.370000E-8	1.842000E-6	3.458198E-2	1.112593E-1
9.675000E+1	5.680000E-8	1.771000E-6	3.207228E-2	1.068693E-1
9.900000E+1	4.870000E-8	1.946000E-6	2.502569E-2	9.029417E-2
1.012500E+2	4.190000E-8	1.972000E-6	2.124746E-2	9.524003E-2
1.035000E+2	3.550000E-8	1.850000E-6	1.918919E-2	9.082079E-2
1.057500E+2	2.300000E-8	1.652000E-6	1.392252E-2	7.214105E-2
1.080000E+2	1.838200E-8	1.730000E-6	1.062543E-2	7.087007E-2
1.102500E+2	1.223300E-8	1.629000E-6	7.509515E-3	5.271364E-2
1.125000E+2	7.869000E-9	1.450000E-6	5.426897E-3	5.562463E-2
1.147500E+2	4.846000E-9	1.282000E-6	3.780031E-3	5.240775E-2
1.170000E+2	3.295000E-9	1.438000E-6	2.291377E-3	4.931948E-2
1.192500E+2	2.440000E-9	1.353000E-6	1.803400E-3	5.355366E-2
1.215000E+2	2.566000E-9	1.181000E-6	2.172735E-3	9.217149E-2
1.237500E+2	6.080000E-9	1.234000E-6	4.927066E-3	1.391108E-1
1.260000E+2	1.414000E-8	1.248000E-6	1.133013E-2	2.006661E-1
1.282500E+2	2.530000E-8	1.239000E-6	2.041969E-2	2.461771E-1
1.305000E+2	2.580000E-8	1.292000E-6	1.996904E-2	1.617993E-1
1.327500E+2	3.260000E-8	1.491000E-6	2.186452E-2	1.635868E-1
1.350000E+2	3.600000E-8	1.259000E-6	2.859412E-2	1.739561E-1
1.372500E+2	4.180000E-8	1.383000E-6	3.022415E-2	1.615858E-1
1.395000E+2	4.450000E-8	1.179000E-6	3.774385E-2	1.763185E-1
1.417500E+2	4.860000E-8	1.117000E-6	4.350940E-2	1.865540E-1
1.440000E+2	5.980000E-8	1.343000E-6	4.452718E-2	1.756435E-1
1.462500E+2	6.710000E-8	1.384000E-6	4.848266E-2	1.702144E-1
1.485000E+2	6.980000E-8	1.274000E-6	5.478807E-2	1.846583E-1
1.507500E+2	7.710000E-8	1.401000E-6	5.503212E-2	1.765545E-1
1.530000E+2	7.550000E-8	1.172000E-6	6.441980E-2	1.920378E-1
1.552500E+2	8.250000E-8	1.234000E-6	6.685575E-2	1.910164E-1
1.575000E+2	9.100000E-8	1.356000E-6	6.710914E-2	1.847747E-1
1.597500E+2	9.060000E-8	1.214000E-6	7.462932E-2	1.966869E-1
1.620000E+2	1.036000E-7	1.428000E-6	7.254902E-2	1.847841E-1
1.642500E+2	1.093000E-7	1.461000E-6	7.481177E-2	1.940100E-1
1.665000E+2	8.370000E-8	9.290000E-7	9.009688E-2	2.179606E-1
1.687500E+2	1.068000E-7	1.264000E-6	8.449367E-2	2.086901E-1
1.710000E+2	1.042000E-7	1.155000E-6	9.021645E-2	2.158360E-1
1.732500E+2	1.116000E-7	1.288000E-6	8.664596E-2	2.014105E-1
1.755000E+2	1.108000E-7	1.201000E-6	9.225645E-2	2.131418E-1
1.777500E+2	1.197000E-7	1.326000E-6	9.027149E-2	2.015129E-1
1.800000E+2	1.295000E-7	1.420000E-6	9.119718E-2	2.030016E-1
1.822500E+2	1.143000E-7	1.189000E-6	9.613120E-2	2.130688E-1
1.845000E+2	1.167000E-7	1.149000E-6	1.015666E-1	2.280982E-1
1.867500E+2	1.215000E-7	1.217000E-6	9.983566E-2	2.113256E-1
1.890000E+2	1.322000E-7	1.269000E-6	1.041765E-1	2.225883E-1
1.912500E+2	1.455000E-7	1.481000E-6	9.824443E-2	2.040018E-1
1.935000E+2	1.170000E-7	1.113000E-6	1.051213E-1	2.205532E-1
1.957500E+2	1.220000E-7	1.164000E-6	1.048110E-1	2.123115E-1
1.980000E+2	1.261000E-7	1.197000E-6	1.053467E-1	2.153559E-1
2.002500E+2	1.290000E-7	1.176000E-6	1.096939E-1	2.272402E-1
2.025000E+2	1.325000E-7	1.228000E-6	1.078990E-1	2.177980E-1
2.047500E+2	1.273000E-7	1.130000E-6	1.126549E-1	2.308932E-1
2.070000E+2	1.484000E-7	1.423000E-6	1.042867E-1	2.107457E-1
2.092500E+2	1.294000E-7	1.154000E-6	1.121317E-1	2.190981E-1
2.115000E+2	1.363000E-7	1.254000E-6	1.086922E-1	2.108306E-1
2.137500E+2	1.119000E-7	9.660000E-7	1.158385E-1	2.269002E-1
2.160000E+2	1.406000E-7	1.279000E-6	1.099296E-1	2.159694E-1
2.182500E+2	1.477000E-7	1.341000E-6	1.101417E-1	2.144750E-1
2.205000E+2	1.388000E-7	1.199000E-6	1.157631E-1	2.313612E-1
2.227500E+2	1.377000E-7	1.205000E-6	1.142739E-1	2.209643E-1
2.250000E+2	1.538000E-7	1.389000E-6	1.107271E-1	2.111125E-1
2.272500E+2	1.615000E-7	1.438000E-6	1.123088E-1	2.117921E-1
2.295000E+2	1.654000E-7	1.504000E-6	1.099734E-1	2.114800E-1
2.317500E+2	1.569000E-7	1.375000E-6	1.141091E-1	2.153394E-1
2.340000E+2	1.590000E-7	1.368000E-6	1.162281E-1	2.226150E-1
2.362500E+2	1.550000E-7	1.330000E-6	1.165414E-1	2.164108E-1
2.385000E+2	1.502000E-7	1.282000E-6	1.171607E-1	2.212650E-1
2.407500E+2	1.428000E-7	1.163000E-6	1.227859E-1	2.330115E-1
2.430000E+2	1.432000E-7	1.175000E-6	1.218723E-1	2.296818E-1
2.452500E+2	1.643000E-7	1.398000E-6	1.175250E-1	2.271149E-1
2.475000E+2	1.539000E-7	1.247000E-6	1.234162E-1	2.315139E-1
2.497500E+2	1.653000E-7	1.360000E-6	1.215441E-1	2.326667E-1
2.520000E+2	1.482000E-7	1.199000E-6	1.236030E-1	2.304800E-1
2.542500E+2	1.459000E-7	1.178000E-6	1.238540E-1	2.302611E-1
2.565000E+2	1.563000E-7	1.264000E-6	1.236551E-1	2.330596E-1
2.587500E+2	1.565000E-7	1.246000E-6	1.256019E-1	2.368295E-1
2.610000E+2	1.550000E-7	1.266000E-6	1.224329E-1	2.302405E-1
2.632500E+2	1.562000E-7	1.249000E-6	1.250600E-1	2.308866E-1
2.655000E+2	1.444000E-7	1.137000E-6	1.270009E-1	2.356521E-1
2.677500E+2	1.555000E-7	1.240000E-6	1.254032E-1	2.367077E-1
