 Z(mm) 	  Channel-A 	  Channel-B	  A/B	
0.000000E+0	5.392000E-7	1.202000E-6	4.485857E-1
2.250000E+0	4.355000E-7	9.830000E-7	4.430315E-1
4.500000E+0	5.024000E-7	1.146000E-6	4.383944E-1
6.750000E+0	5.058000E-7	1.096000E-6	4.614964E-1
9.000000E+0	3.030000E-7	6.560000E-7	4.618902E-1
1.125000E+1	4.081000E-7	8.880000E-7	4.595721E-1
1.350000E+1	5.152000E-7	1.167000E-6	4.414739E-1
1.575000E+1	4.441000E-7	9.370000E-7	4.739594E-1
1.800000E+1	4.753000E-7	1.068000E-6	4.450375E-1
2.025000E+1	4.768000E-7	1.080000E-6	4.414815E-1
2.250000E+1	5.346000E-7	1.225000E-6	4.364082E-1
2.475000E+1	4.678000E-7	1.064000E-6	4.396617E-1
2.700000E+1	4.856000E-7	1.092000E-6	4.446886E-1
2.925000E+1	4.460000E-7	9.760000E-7	4.569672E-1
3.150000E+1	6.309000E-7	1.398000E-6	4.512876E-1
3.375000E+1	5.536000E-7	1.279000E-6	4.328382E-1
3.600000E+1	4.129000E-7	9.180000E-7	4.497821E-1
3.825000E+1	5.340000E-7	1.220000E-6	4.377049E-1
4.050000E+1	6.114000E-7	1.353000E-6	4.518847E-1
4.275000E+1	5.287000E-7	1.256000E-6	4.209395E-1
4.500000E+1	5.100000E-7	1.215000E-6	4.197531E-1
4.725000E+1	5.754000E-7	1.311000E-6	4.389016E-1
4.950000E+1	3.485000E-7	7.290000E-7	4.780521E-1
5.175000E+1	3.427000E-7	8.420000E-7	4.070071E-1
5.400000E+1	3.965000E-7	9.130000E-7	4.342826E-1
5.625000E+1	6.974000E-7	1.760000E-6	3.962500E-1
5.850000E+1	3.699000E-7	8.340000E-7	4.435252E-1
6.075000E+1	3.916000E-7	9.390000E-7	4.170394E-1
6.300000E+1	4.415000E-7	1.066000E-6	4.141651E-1
6.525000E+1	3.305000E-7	7.410000E-7	4.460189E-1
6.750000E+1	3.130000E-7	7.330000E-7	4.270123E-1
6.975000E+1	5.318000E-7	1.388000E-6	3.831412E-1
7.200000E+1	4.953000E-7	1.282000E-6	3.863495E-1
7.425000E+1	4.408000E-7	1.114000E-6	3.956912E-1
7.650000E+1	4.845000E-7	1.245000E-6	3.891566E-1
7.875000E+1	4.711000E-7	1.304000E-6	3.612730E-1
8.100000E+1	4.365000E-7	1.163000E-6	3.753224E-1
8.325000E+1	4.999000E-7	1.394000E-6	3.586083E-1
8.550000E+1	4.364000E-7	1.195000E-6	3.651883E-1
8.775000E+1	4.521000E-7	1.310000E-6	3.451145E-1
9.000000E+1	4.342000E-7	1.283000E-6	3.384256E-1
9.225000E+1	4.608000E-7	1.453000E-6	3.171370E-1
9.450000E+1	5.169000E-7	1.784000E-6	2.897422E-1
9.675000E+1	3.322000E-7	9.820000E-7	3.382892E-1
9.900000E+1	3.900000E-7	1.333000E-6	2.925731E-1
1.012500E+2	3.065000E-7	1.033000E-6	2.967086E-1
1.035000E+2	3.597000E-7	1.334000E-6	2.696402E-1
1.057500E+2	3.008000E-7	1.123000E-6	2.678540E-1
1.080000E+2	2.831000E-7	1.148000E-6	2.466028E-1
1.102500E+2	2.130000E-7	8.430000E-7	2.526690E-1
1.125000E+2	2.750000E-7	1.325000E-6	2.075472E-1
1.147500E+2	2.087000E-7	1.029000E-6	2.028183E-1
1.170000E+2	2.136000E-7	1.200000E-6	1.780000E-1
1.192500E+2	1.604000E-7	1.013000E-6	1.583416E-1
1.215000E+2	1.049000E-7	6.200000E-7	1.691935E-1
1.237500E+2	1.363000E-7	1.256000E-6	1.085191E-1
1.260000E+2	1.129000E-7	1.327000E-6	8.507913E-2
1.282500E+2	6.900000E-8	9.660000E-7	7.142857E-2
1.305000E+2	5.960000E-8	1.070000E-6	5.570093E-2
1.327500E+2	5.520000E-8	1.242000E-6	4.444444E-2
1.350000E+2	4.380000E-8	9.720000E-7	4.506173E-2
1.372500E+2	5.155556E-8	8.955556E-7	5.756824E-2
1.395000E+2	7.740000E-8	1.098000E-6	7.049180E-2
1.417500E+2	8.940000E-8	9.310000E-7	9.602578E-2
1.440000E+2	1.269000E-7	1.108000E-6	1.145307E-1
1.462500E+2	1.550000E-7	1.201000E-6	1.290591E-1
1.485000E+2	1.636000E-7	9.940000E-7	1.645875E-1
1.507500E+2	1.283000E-7	6.440000E-7	1.992236E-1
1.530000E+2	2.337000E-7	1.231000E-6	1.898457E-1
1.552500E+2	2.640000E-7	1.216000E-6	2.171053E-1
1.575000E+2	2.442000E-7	1.089000E-6	2.242424E-1
1.597500E+2	2.743000E-7	1.091000E-6	2.514207E-1
1.620000E+2	2.504000E-7	9.200000E-7	2.721739E-1
1.642500E+2	3.009000E-7	1.092000E-6	2.755495E-1
1.665000E+2	3.634000E-7	1.325000E-6	2.742642E-1
1.687500E+2	3.689000E-7	1.261000E-6	2.925456E-1
1.710000E+2	3.074000E-7	9.890000E-7	3.108190E-1
1.732500E+2	3.545000E-7	1.062000E-6	3.338041E-1
1.755000E+2	3.953000E-7	1.163000E-6	3.398968E-1
1.777500E+2	3.802000E-7	1.124000E-6	3.382562E-1
1.800000E+2	3.694000E-7	1.015000E-6	3.639409E-1
1.822500E+2	3.302000E-7	8.500000E-7	3.884706E-1
1.845000E+2	4.294000E-7	1.199000E-6	3.581318E-1
1.867500E+2	3.804000E-7	1.000000E-6	3.804000E-1
1.890000E+2	4.396000E-7	1.189000E-6	3.697225E-1
1.912500E+2	3.966000E-7	1.014000E-6	3.911243E-1
1.935000E+2	4.557000E-7	1.222000E-6	3.729133E-1
1.957500E+2	4.061000E-7	1.004000E-6	4.044821E-1
1.980000E+2	4.899000E-7	1.239000E-6	3.953995E-1
2.002500E+2	4.195000E-7	1.078000E-6	3.891466E-1
2.025000E+2	3.302000E-7	8.030000E-7	4.112080E-1
2.047500E+2	3.879000E-7	9.410000E-7	4.122210E-1
2.070000E+2	4.697000E-7	1.126000E-6	4.171403E-1
2.092500E+2	4.251000E-7	9.620000E-7	4.418919E-1
2.115000E+2	3.477000E-7	8.150000E-7	4.266258E-1
2.137500E+2	5.467000E-7	1.291000E-6	4.234702E-1
2.160000E+2	6.318000E-7	1.549000E-6	4.078760E-1
2.182500E+2	4.636000E-7	1.083000E-6	4.280702E-1
2.205000E+2	3.268000E-7	7.560000E-7	4.322751E-1
2.227500E+2	4.955000E-7	1.119000E-6	4.428061E-1
2.250000E+2	4.951000E-7	1.183000E-6	4.185123E-1
2.272500E+2	6.101000E-7	1.410000E-6	4.326950E-1
2.295000E+2	4.687000E-7	1.068000E-6	4.388577E-1
2.317500E+2	3.749000E-7	8.220000E-7	4.560827E-1
2.340000E+2	5.050000E-7	1.187000E-6	4.254423E-1
2.362500E+2	6.325000E-7	1.436000E-6	4.404596E-1
2.385000E+2	6.038000E-7	1.409000E-6	4.285309E-1
2.407500E+2	5.423000E-7	1.242000E-6	4.366345E-1
2.430000E+2	7.075000E-7	1.633000E-6	4.332517E-1
2.452500E+2	3.581000E-7	7.610000E-7	4.705650E-1
2.475000E+2	7.277000E-7	1.636000E-6	4.448044E-1
2.497500E+2	6.216000E-7	1.408000E-6	4.414773E-1
2.520000E+2	5.179000E-7	1.154000E-6	4.487868E-1
2.542500E+2	7.426000E-7	1.680000E-6	4.420238E-1
2.565000E+2	3.078000E-7	7.160000E-7	4.298883E-1
2.587500E+2	4.780000E-7	1.040000E-6	4.596154E-1
2.610000E+2	5.112000E-7	1.139000E-6	4.488147E-1
2.632500E+2	5.115000E-7	1.109000E-6	4.612263E-1
2.655000E+2	5.642000E-7	1.227000E-6	4.598207E-1
2.677500E+2	5.146000E-7	1.042000E-6	4.938580E-1
2.700000E+2	4.189000E-7	9.410000E-7	4.451647E-1
2.722500E+2	5.095000E-7	1.085000E-6	4.695853E-1
2.745000E+2	4.297000E-7	9.880000E-7	4.349190E-1
2.767500E+2	8.442000E-7	1.834000E-6	4.603053E-1
2.790000E+2	5.208000E-7	1.095000E-6	4.756164E-1
2.812500E+2	6.280000E-7	1.308000E-6	4.801223E-1
2.835000E+2	3.988000E-7	8.720000E-7	4.573394E-1
2.857500E+2	6.825000E-7	1.475000E-6	4.627119E-1
2.880000E+2	6.004000E-7	1.266000E-6	4.742496E-1
2.902500E+2	4.171000E-7	8.750000E-7	4.766857E-1
2.925000E+2	6.442000E-7	1.402000E-6	4.594864E-1
2.947500E+2	4.047000E-7	8.870000E-7	4.562570E-1
