  Z(mm) 	  Channel-A 	  Channel-B	  A/B	 Close/open	
0.000000E+0	6.633000E-8	5.470000E-7	1.212614E-1	1.727906E-1
2.250000E+0	8.892000E-8	7.600000E-7	1.170000E-1	1.674070E-1
4.500000E+0	5.960000E-8	4.810000E-7	1.239085E-1	1.765306E-1
6.750000E+0	8.252000E-8	6.760000E-7	1.220710E-1	1.723478E-1
9.000000E+0	9.153000E-8	7.690000E-7	1.190247E-1	1.726776E-1
1.125000E+1	7.749000E-8	6.580000E-7	1.177660E-1	1.695618E-1
1.350000E+1	9.893000E-8	8.630000E-7	1.146350E-1	1.646361E-1
1.575000E+1	9.330000E-8	8.200000E-7	1.137805E-1	1.641589E-1
1.800000E+1	1.063900E-7	9.450000E-7	1.125820E-1	1.643179E-1
2.025000E+1	9.484000E-8	8.450000E-7	1.122367E-1	1.649176E-1
2.250000E+1	9.494000E-8	8.430000E-7	1.126216E-1	1.654737E-1
2.475000E+1	1.109300E-7	1.062000E-6	1.044539E-1	1.546315E-1
2.700000E+1	8.905000E-8	7.890000E-7	1.128644E-1	1.686464E-1
2.925000E+1	8.522000E-8	7.310000E-7	1.165800E-1	1.744553E-1
3.150000E+1	1.094000E-7	1.052000E-6	1.039924E-1	1.578942E-1
3.375000E+1	9.728000E-8	9.160000E-7	1.062009E-1	1.616396E-1
3.600000E+1	8.027000E-8	7.190000E-7	1.116412E-1	1.689199E-1
3.825000E+1	6.465000E-8	5.530000E-7	1.169078E-1	1.817011E-1
4.050000E+1	1.031700E-7	1.035000E-6	9.968116E-2	1.511388E-1
4.275000E+1	8.227000E-8	7.420000E-7	1.108760E-1	1.708400E-1
4.500000E+1	1.010800E-7	9.660000E-7	1.046377E-1	1.631807E-1
4.725000E+1	8.754000E-8	8.190000E-7	1.068864E-1	1.667752E-1
4.950000E+1	7.374000E-8	6.680000E-7	1.103892E-1	1.768041E-1
5.175000E+1	8.403000E-8	8.030000E-7	1.046451E-1	1.683027E-1
5.400000E+1	8.064000E-8	7.880000E-7	1.023350E-1	1.661439E-1
5.625000E+1	7.891000E-8	7.920000E-7	9.963384E-2	1.627496E-1
5.850000E+1	8.522000E-8	8.740000E-7	9.750572E-2	1.608425E-1
6.075000E+1	6.483000E-8	6.170000E-7	1.050729E-1	1.821264E-1
6.300000E+1	8.062000E-8	8.610000E-7	9.363531E-2	1.613478E-1
6.525000E+1	8.222000E-8	8.920000E-7	9.217489E-2	1.592949E-1
6.750000E+1	8.194000E-8	9.500000E-7	8.625263E-2	1.536329E-1
6.975000E+1	7.537000E-8	8.510000E-7	8.856639E-2	1.620622E-1
7.200000E+1	7.176000E-8	8.170000E-7	8.783354E-2	1.621957E-1
7.425000E+1	7.190000E-8	8.780000E-7	8.189066E-2	1.554966E-1
7.650000E+1	5.617000E-8	6.280000E-7	8.944268E-2	1.749095E-1
7.875000E+1	5.805000E-8	6.920000E-7	8.388728E-2	1.655544E-1
8.100000E+1	6.126000E-8	8.280000E-7	7.398551E-2	1.554929E-1
8.325000E+1	5.822000E-8	7.860000E-7	7.407125E-2	1.584230E-1
8.550000E+1	4.605000E-8	6.210000E-7	7.415459E-2	1.594450E-1
8.775000E+1	3.746000E-8	4.360000E-7	8.591743E-2	1.963731E-1
9.000000E+1	4.325000E-8	6.350000E-7	6.811024E-2	1.579957E-1
9.225000E+1	4.393000E-8	7.660000E-7	5.734987E-2	1.435595E-1
9.450000E+1	4.073000E-8	7.790000E-7	5.228498E-2	1.401453E-1
9.675000E+1	3.533000E-8	6.840000E-7	5.165205E-2	1.505274E-1
9.900000E+1	3.081000E-8	6.940000E-7	4.439481E-2	1.353485E-1
1.012500E+2	2.520000E-8	5.760000E-7	4.375000E-2	1.402138E-1
1.035000E+2	1.944000E-8	5.280000E-7	3.681818E-2	1.370766E-1
1.057500E+2	1.791500E-8	7.280000E-7	2.460852E-2	9.311879E-2
1.080000E+2	1.197900E-8	5.980000E-7	2.003177E-2	9.227539E-2
1.102500E+2	8.709000E-9	8.050000E-7	1.081863E-2	5.870788E-2
1.125000E+2	5.696000E-9	7.840000E-7	7.265306E-3	4.762209E-2
1.147500E+2	3.549000E-9	7.340000E-7	4.835150E-3	2.702197E-2
1.170000E+2	2.475000E-9	8.280000E-7	2.989130E-3	3.213155E-2
1.192500E+2	2.011000E-9	9.660000E-7	2.081781E-3	3.758329E-2
1.215000E+2	2.057000E-9	7.850000E-7	2.620382E-3	5.378679E-2
1.237500E+2	4.600000E-9	7.580000E-7	6.068602E-3	1.152117E-1
1.260000E+2	1.046000E-8	6.650000E-7	1.572932E-2	1.969405E-1
1.282500E+2	2.000000E-8	9.177778E-7	2.179177E-2	2.004530E-1
1.305000E+2	2.111111E-8	8.700000E-7	2.426564E-2	1.529993E-1
1.327500E+2	2.090000E-8	7.510000E-7	2.782956E-2	1.461351E-1
1.350000E+2	2.410000E-8	6.680000E-7	3.607784E-2	1.709326E-1
1.372500E+2	2.670000E-8	6.370000E-7	4.191523E-2	1.513545E-1
1.395000E+2	2.820000E-8	5.010000E-7	5.628743E-2	1.862027E-1
1.417500E+2	2.790000E-8	3.890000E-7	7.172237E-2	2.284770E-1
1.440000E+2	4.300000E-8	8.840000E-7	4.864253E-2	1.297900E-1
1.462500E+2	4.710000E-8	8.900000E-7	5.292135E-2	1.421934E-1
1.485000E+2	4.300000E-8	6.130000E-7	7.014682E-2	1.848556E-1
1.507500E+2	4.970000E-8	7.280000E-7	6.826923E-2	1.366016E-1
1.530000E+2	5.410000E-8	7.350000E-7	7.360544E-2	1.640163E-1
1.552500E+2	5.360000E-8	7.040000E-7	7.613636E-2	1.588663E-1
1.575000E+2	6.080000E-8	7.600000E-7	8.000000E-2	1.663818E-1
1.597500E+2	5.640000E-8	6.490000E-7	8.690293E-2	1.783268E-1
1.620000E+2	6.650000E-8	7.780000E-7	8.547558E-2	1.663132E-1
1.642500E+2	6.750000E-8	7.670000E-7	8.800522E-2	1.640027E-1
1.665000E+2	7.410000E-8	8.090000E-7	9.159456E-2	1.728467E-1
1.687500E+2	8.080000E-8	9.040000E-7	8.938053E-2	1.670988E-1
1.710000E+2	5.880000E-8	5.950000E-7	9.882353E-2	1.801446E-1
1.732500E+2	8.050000E-8	8.260000E-7	9.745763E-2	1.745719E-1
1.755000E+2	7.590000E-8	7.820000E-7	9.705882E-2	1.655476E-1
1.777500E+2	7.520000E-8	7.090000E-7	1.060649E-1	1.738403E-1
1.800000E+2	8.400000E-8	8.010000E-7	1.048689E-1	1.762163E-1
1.822500E+2	9.300000E-8	9.500000E-7	9.789474E-2	1.633033E-1
1.845000E+2	1.069000E-7	1.122000E-6	9.527629E-2	1.530123E-1
1.867500E+2	6.270000E-8	5.540000E-7	1.131769E-1	1.799377E-1
1.890000E+2	8.890000E-8	8.310000E-7	1.069795E-1	1.689945E-1
1.912500E+2	9.590000E-8	9.080000E-7	1.056167E-1	1.656891E-1
1.935000E+2	1.035000E-7	1.008000E-6	1.026786E-1	1.566952E-1
1.957500E+2	1.045000E-7	9.920000E-7	1.053427E-1	1.566045E-1
1.980000E+2	1.004000E-7	9.190000E-7	1.092492E-1	1.673584E-1
2.002500E+2	6.770000E-8	5.470000E-7	1.237660E-1	1.872403E-1
2.025000E+2	1.133000E-7	1.021000E-6	1.109696E-1	1.655543E-1
2.047500E+2	1.018000E-7	8.500000E-7	1.197647E-1	1.749260E-1
2.070000E+2	1.083000E-7	9.150000E-7	1.183607E-1	1.754323E-1
2.092500E+2	1.002000E-7	8.520000E-7	1.176056E-1	1.715419E-1
2.115000E+2	1.093000E-7	9.350000E-7	1.168984E-1	1.702247E-1
2.137500E+2	9.620000E-8	7.430000E-7	1.294751E-1	1.894077E-1
2.160000E+2	9.160000E-8	7.150000E-7	1.281119E-1	1.861126E-1
2.182500E+2	1.103000E-7	9.020000E-7	1.222838E-1	1.803314E-1
2.205000E+2	7.230000E-8	5.510000E-7	1.312160E-1	1.869685E-1
2.227500E+2	1.094000E-7	8.780000E-7	1.246014E-1	1.782623E-1
2.250000E+2	1.099000E-7	8.830000E-7	1.244621E-1	1.739529E-1
2.272500E+2	1.131000E-7	9.200000E-7	1.229348E-1	1.753494E-1
2.295000E+2	1.226000E-7	1.024000E-6	1.197266E-1	1.689393E-1
2.317500E+2	9.750000E-8	7.450000E-7	1.308725E-1	1.824273E-1
2.340000E+2	8.770000E-8	6.600000E-7	1.328788E-1	1.829543E-1
2.362500E+2	1.041000E-7	8.010000E-7	1.299625E-1	1.826402E-1
2.385000E+2	1.132000E-7	8.790000E-7	1.287827E-1	1.783428E-1
2.407500E+2	6.230000E-8	4.550000E-7	1.369231E-1	1.956044E-1
2.430000E+2	1.100000E-7	8.340000E-7	1.318945E-1	1.809358E-1
2.452500E+2	1.111000E-7	8.450000E-7	1.314793E-1	1.794117E-1
2.475000E+2	1.116000E-7	8.630000E-7	1.293163E-1	1.778608E-1
2.497500E+2	1.174000E-7	9.160000E-7	1.281659E-1	1.788788E-1
2.520000E+2	1.090000E-7	7.960000E-7	1.369347E-1	1.886544E-1
2.542500E+2	1.055000E-7	7.750000E-7	1.361290E-1	1.889413E-1
2.565000E+2	1.129000E-7	8.410000E-7	1.342449E-1	1.850742E-1
2.587500E+2	1.226000E-7	9.230000E-7	1.328277E-1	1.805122E-1
2.610000E+2	1.177000E-7	8.630000E-7	1.363847E-1	1.823692E-1
2.632500E+2	8.020000E-8	5.650000E-7	1.419469E-1	1.931480E-1
2.655000E+2	1.050000E-7	7.780000E-7	1.349614E-1	1.802147E-1
2.677500E+2	8.900000E-8	6.130000E-7	1.451876E-1	1.914508E-1
