  Z(mm) 	  Channel-A 	  Channel-B	  A/B	 Close/open	
0.000000E+0	2.108000E-7	2.452000E-6	8.597064E-2	2.567598E-1
2.250000E+0	1.698000E-7	2.101000E-6	8.081866E-2	2.430853E-1
4.500000E+0	1.020000E-7	1.238000E-6	8.239095E-2	2.396221E-1
6.750000E+0	1.469000E-7	1.772000E-6	8.290068E-2	2.306356E-1
9.000000E+0	1.738000E-7	2.177000E-6	7.983463E-2	2.175193E-1
1.125000E+1	1.778000E-7	2.048000E-6	8.681641E-2	2.770862E-1
1.350000E+1	5.760000E-8	7.170000E-7	8.033473E-2	2.569050E-1
1.575000E+1	1.389000E-7	1.636000E-6	8.490220E-2	2.654988E-1
1.800000E+1	9.340000E-8	1.070000E-6	8.728972E-2	2.574488E-1
2.025000E+1	8.560000E-8	1.063000E-6	8.052681E-2	2.484627E-1
2.250000E+1	1.206000E-7	1.302000E-6	9.262673E-2	2.758399E-1
2.475000E+1	4.990000E-8	5.740000E-7	8.693380E-2	2.598195E-1
2.700000E+1	1.457000E-7	1.774000E-6	8.213078E-2	2.308793E-1
2.925000E+1	1.806000E-7	2.065000E-6	8.745763E-2	2.569182E-1
3.150000E+1	7.650000E-8	9.600000E-7	7.968750E-2	2.371070E-1
3.375000E+1	1.703000E-7	1.960000E-6	8.688776E-2	2.537460E-1
3.600000E+1	1.286000E-7	1.599000E-6	8.042527E-2	2.327520E-1
3.825000E+1	1.560000E-7	1.845000E-6	8.455285E-2	2.576180E-1
4.050000E+1	1.303000E-7	1.682000E-6	7.746730E-2	2.306915E-1
4.275000E+1	1.983000E-7	2.383000E-6	8.321444E-2	2.445764E-1
4.500000E+1	1.622000E-7	1.996000E-6	8.126253E-2	2.369906E-1
4.725000E+1	1.612000E-7	1.911000E-6	8.435374E-2	2.567575E-1
4.950000E+1	2.226000E-7	2.729000E-6	8.156834E-2	2.143679E-1
5.175000E+1	2.057000E-7	2.530000E-6	8.130435E-2	2.322571E-1
5.400000E+1	1.500000E-7	1.863000E-6	8.051530E-2	2.551895E-1
5.625000E+1	1.389000E-7	1.650000E-6	8.418182E-2	2.645416E-1
5.850000E+1	2.344000E-7	2.988000E-6	7.844712E-2	2.396702E-1
6.075000E+1	1.655000E-7	2.126000E-6	7.784572E-2	2.267086E-1
6.300000E+1	1.782000E-7	2.182000E-6	8.166819E-2	2.338822E-1
6.525000E+1	1.546000E-7	2.014000E-6	7.676266E-2	2.482689E-1
6.750000E+1	1.439000E-7	1.737000E-6	8.284398E-2	2.555495E-1
6.975000E+1	8.960000E-8	1.037000E-6	8.640309E-2	2.696738E-1
7.200000E+1	1.301000E-7	1.777000E-6	7.321328E-2	2.112757E-1
7.425000E+1	9.870000E-8	1.385000E-6	7.126354E-2	2.273622E-1
7.650000E+1	1.822000E-7	2.481000E-6	7.343813E-2	2.287115E-1
7.875000E+1	1.582000E-7	2.112000E-6	7.490530E-2	2.260805E-1
8.100000E+1	1.462000E-7	1.857000E-6	7.872913E-2	2.225184E-1
8.325000E+1	1.619000E-7	2.312000E-6	7.002595E-2	2.146262E-1
8.550000E+1	1.679000E-7	2.523000E-6	6.654776E-2	2.022837E-1
8.775000E+1	1.252000E-7	1.770000E-6	7.073446E-2	2.200628E-1
9.000000E+1	1.466000E-7	2.190000E-6	6.694064E-2	2.202301E-1
9.225000E+1	1.031000E-7	1.612000E-6	6.395782E-2	2.316104E-1
9.450000E+1	9.880000E-8	1.581000E-6	6.249209E-2	2.327886E-1
9.675000E+1	1.394000E-7	2.556000E-6	5.453834E-2	1.970428E-1
9.900000E+1	9.730000E-8	1.676000E-6	5.805489E-2	1.916244E-1
1.012500E+2	1.101000E-7	2.234000E-6	4.928380E-2	1.863885E-1
1.035000E+2	9.130000E-8	1.876000E-6	4.866738E-2	2.251631E-1
1.057500E+2	6.850000E-8	1.592000E-6	4.302764E-2	1.884123E-1
1.080000E+2	7.280000E-8	2.104000E-6	3.460076E-2	1.590755E-1
1.102500E+2	4.440000E-8	1.485000E-6	2.989899E-2	1.304087E-1
1.125000E+2	3.240000E-8	1.165000E-6	2.781116E-2	1.439041E-1
1.147500E+2	3.450000E-8	2.378000E-6	1.450799E-2	8.805845E-2
1.170000E+2	2.300000E-8	1.888000E-6	1.218220E-2	7.925679E-2
1.192500E+2	2.010000E-8	1.817000E-6	1.106219E-2	9.709883E-2
1.215000E+2	1.733333E-8	1.742222E-6	9.948980E-3	9.026558E-2
1.237500E+2	1.840000E-8	1.614000E-6	1.140025E-2	1.161707E-1
1.260000E+2	2.790000E-8	1.961000E-6	1.422743E-2	1.866976E-1
1.282500E+2	4.010000E-8	1.992000E-6	2.013052E-2	1.670339E-1
1.305000E+2	5.890000E-8	2.434000E-6	2.419885E-2	1.870945E-1
1.327500E+2	6.740000E-8	2.160000E-6	3.120370E-2	1.700917E-1
1.350000E+2	9.140000E-8	2.541000E-6	3.597009E-2	2.468067E-1
1.372500E+2	3.300000E-8	6.344444E-7	5.201401E-2	2.954979E-1
1.395000E+2	7.970000E-8	1.747000E-6	4.562106E-2	2.213525E-1
1.417500E+2	1.148000E-7	2.263000E-6	5.072912E-2	1.807544E-1
1.440000E+2	1.162000E-7	2.419000E-6	4.803638E-2	2.286040E-1
1.462500E+2	1.458000E-7	2.756000E-6	5.290276E-2	2.173859E-1
1.485000E+2	1.021000E-7	1.705000E-6	5.988270E-2	2.292564E-1
1.507500E+2	1.499000E-7	2.511000E-6	5.969733E-2	2.414455E-1
1.530000E+2	1.655000E-7	2.815000E-6	5.879218E-2	2.127394E-1
1.552500E+2	1.082000E-7	1.543000E-6	7.012314E-2	2.724208E-1
1.575000E+2	1.104000E-7	1.607000E-6	6.869944E-2	2.510035E-1
1.597500E+2	9.110000E-8	1.155000E-6	7.887446E-2	2.885938E-1
1.620000E+2	1.218000E-7	1.605000E-6	7.588785E-2	2.786957E-1
1.642500E+2	1.559000E-7	1.850000E-6	8.427027E-2	2.796438E-1
1.665000E+2	1.049000E-7	1.362000E-6	7.701909E-2	2.723512E-1
1.687500E+2	8.200000E-8	1.076000E-6	7.620818E-2	2.601464E-1
1.710000E+2	8.720000E-8	1.043000E-6	8.360499E-2	2.759409E-1
1.732500E+2	9.570000E-8	1.200000E-6	7.975000E-2	2.403321E-1
1.755000E+2	1.393000E-7	1.719000E-6	8.103549E-2	2.689354E-1
1.777500E+2	1.590000E-7	1.910000E-6	8.324607E-2	2.630120E-1
1.800000E+2	1.837000E-7	2.272000E-6	8.085387E-2	2.455743E-1
1.822500E+2	5.280000E-8	6.260000E-7	8.434505E-2	2.651538E-1
1.845000E+2	1.459000E-7	1.645000E-6	8.869301E-2	2.683254E-1
1.867500E+2	1.387000E-7	1.597000E-6	8.685034E-2	2.659451E-1
1.890000E+2	1.039000E-7	1.208000E-6	8.600993E-2	2.635724E-1
1.912500E+2	1.002000E-7	1.121000E-6	8.938448E-2	2.732177E-1
1.935000E+2	1.623000E-7	1.734000E-6	9.359862E-2	2.771198E-1
1.957500E+2	1.604000E-7	1.766000E-6	9.082673E-2	2.800346E-1
1.980000E+2	8.400000E-8	9.470000E-7	8.870116E-2	2.646418E-1
2.002500E+2	1.822000E-7	2.075000E-6	8.780723E-2	2.655395E-1
2.025000E+2	1.040000E-7	1.162000E-6	8.950086E-2	2.737565E-1
2.047500E+2	1.813000E-7	1.983000E-6	9.142713E-2	2.660285E-1
2.070000E+2	2.088000E-7	2.280000E-6	9.157895E-2	2.756351E-1
2.092500E+2	9.060000E-8	1.016000E-6	8.917323E-2	2.638434E-1
2.115000E+2	2.371000E-7	2.572000E-6	9.218507E-2	2.892956E-1
2.137500E+2	1.936000E-7	2.047000E-6	9.457743E-2	2.873290E-1
2.160000E+2	1.068000E-7	1.192000E-6	8.959732E-2	2.625410E-1
2.182500E+2	1.103000E-7	1.212000E-6	9.100660E-2	2.771726E-1
2.205000E+2	1.018000E-7	1.059000E-6	9.612842E-2	2.806340E-1
2.227500E+2	2.732000E-7	2.792000E-6	9.785100E-2	2.763395E-1
2.250000E+2	2.198000E-7	2.279000E-6	9.644581E-2	2.614745E-1
2.272500E+2	1.640000E-7	1.674000E-6	9.796894E-2	2.925193E-1
2.295000E+2	1.160000E-7	1.236000E-6	9.385113E-2	2.810729E-1
2.317500E+2	2.071000E-7	2.166000E-6	9.561404E-2	2.865544E-1
2.340000E+2	2.000000E-7	2.030000E-6	9.852217E-2	2.974923E-1
2.362500E+2	2.173000E-7	2.266000E-6	9.589585E-2	2.803034E-1
2.385000E+2	2.756000E-7	2.773000E-6	9.938695E-2	2.763490E-1
2.407500E+2	1.366000E-7	1.423000E-6	9.599438E-2	2.750928E-1
2.430000E+2	1.044000E-7	1.099000E-6	9.499545E-2	2.619268E-1
2.452500E+2	2.016000E-7	2.034000E-6	9.911504E-2	2.809034E-1
2.475000E+2	2.148000E-7	2.125000E-6	1.010824E-1	2.926130E-1
2.497500E+2	2.429000E-7	2.474000E-6	9.818108E-2	3.286791E-1
2.520000E+2	1.705000E-7	1.664000E-6	1.024639E-1	2.960123E-1
2.542500E+2	2.108000E-7	2.139000E-6	9.855072E-2	2.826775E-1
2.565000E+2	2.011000E-7	2.049000E-6	9.814544E-2	2.717158E-1
2.587500E+2	7.770000E-8	8.030000E-7	9.676214E-2	2.543535E-1
2.610000E+2	1.363000E-7	1.436000E-6	9.491643E-2	2.664132E-1
2.632500E+2	1.000000E-7	1.045000E-6	9.569378E-2	2.927154E-1
2.655000E+2	1.777000E-7	1.747000E-6	1.017172E-1	2.930625E-1
2.677500E+2	9.200000E-8	9.420000E-7	9.766454E-2	2.886797E-1
