 Z(mm) 	  Channel-A 	  Channel-B	  A/B	
0.000000E+0	3.134000E-7	9.360000E-7	3.348291E-1
2.250000E+0	3.082000E-7	9.270000E-7	3.324703E-1
4.500000E+0	3.459000E-7	1.006000E-6	3.438370E-1
6.750000E+0	1.294000E-7	3.600000E-7	3.594444E-1
9.000000E+0	2.059000E-7	5.610000E-7	3.670232E-1
1.125000E+1	5.881000E-7	1.877000E-6	3.133191E-1
1.350000E+1	1.354000E-7	4.330000E-7	3.127021E-1
1.575000E+1	2.958000E-7	9.250000E-7	3.197838E-1
1.800000E+1	1.797000E-7	5.300000E-7	3.390566E-1
2.025000E+1	2.071000E-7	6.390000E-7	3.241002E-1
2.250000E+1	2.270000E-7	6.760000E-7	3.357988E-1
2.475000E+1	2.302000E-7	6.880000E-7	3.345930E-1
2.700000E+1	1.583000E-7	4.450000E-7	3.557303E-1
2.925000E+1	4.313000E-7	1.267000E-6	3.404104E-1
3.150000E+1	1.304000E-7	3.880000E-7	3.360825E-1
3.375000E+1	2.575000E-7	7.520000E-7	3.424202E-1
3.600000E+1	5.114000E-7	1.480000E-6	3.455405E-1
3.825000E+1	3.374000E-7	1.028000E-6	3.282101E-1
4.050000E+1	1.857000E-7	5.530000E-7	3.358047E-1
4.275000E+1	2.562000E-7	7.530000E-7	3.402390E-1
4.500000E+1	2.702000E-7	7.880000E-7	3.428934E-1
4.725000E+1	1.278000E-7	3.890000E-7	3.285347E-1
4.950000E+1	3.006000E-7	7.900000E-7	3.805063E-1
5.175000E+1	5.664000E-7	1.618000E-6	3.500618E-1
5.400000E+1	4.007000E-7	1.270000E-6	3.155118E-1
5.625000E+1	4.035000E-7	1.268000E-6	3.182177E-1
5.850000E+1	1.486000E-7	4.540000E-7	3.273128E-1
6.075000E+1	2.850000E-7	8.300000E-7	3.433735E-1
6.300000E+1	2.357000E-7	6.750000E-7	3.491852E-1
6.525000E+1	2.792000E-7	9.030000E-7	3.091916E-1
6.750000E+1	2.668000E-7	8.230000E-7	3.241798E-1
6.975000E+1	3.377000E-7	1.054000E-6	3.203985E-1
7.200000E+1	1.348000E-7	3.890000E-7	3.465296E-1
7.425000E+1	1.423000E-7	4.540000E-7	3.134361E-1
7.650000E+1	3.988000E-7	1.242000E-6	3.210950E-1
7.875000E+1	2.031000E-7	6.130000E-7	3.313214E-1
8.100000E+1	7.430000E-8	2.100000E-7	3.538095E-1
8.325000E+1	1.478000E-7	4.530000E-7	3.262693E-1
8.550000E+1	1.487000E-7	4.520000E-7	3.289823E-1
8.775000E+1	1.215000E-7	3.780000E-7	3.214286E-1
9.000000E+1	1.152000E-7	3.790000E-7	3.039578E-1
9.225000E+1	4.526000E-7	1.639000E-6	2.761440E-1
9.450000E+1	3.914000E-7	1.458000E-6	2.684499E-1
9.675000E+1	3.374000E-7	1.219000E-6	2.767842E-1
9.900000E+1	2.148000E-7	7.090000E-7	3.029619E-1
1.012500E+2	2.935000E-7	1.110000E-6	2.644144E-1
1.035000E+2	4.057000E-7	1.877000E-6	2.161428E-1
1.057500E+2	2.101000E-7	9.200000E-7	2.283696E-1
1.080000E+2	2.832000E-7	1.302000E-6	2.175115E-1
1.102500E+2	1.825000E-7	7.960000E-7	2.292714E-1
1.125000E+2	1.979000E-7	1.024000E-6	1.932617E-1
1.147500E+2	1.809000E-7	1.098000E-6	1.647541E-1
1.170000E+2	1.597000E-7	1.039000E-6	1.537055E-1
1.192500E+2	1.407000E-7	1.235000E-6	1.139271E-1
1.215000E+2	1.057000E-7	9.590000E-7	1.102190E-1
1.237500E+2	9.990000E-8	1.018000E-6	9.813360E-2
1.260000E+2	1.422000E-7	1.866000E-6	7.620579E-2
1.282500E+2	1.304000E-7	1.082000E-6	1.205176E-1
1.305000E+2	1.490000E-7	1.152000E-6	1.293403E-1
1.327500E+2	1.286000E-7	7.010000E-7	1.834522E-1
1.350000E+2	2.858000E-7	1.961000E-6	1.457420E-1
1.372500E+2	2.283000E-7	1.297000E-6	1.760216E-1
1.395000E+2	2.601000E-7	1.262000E-6	2.061014E-1
1.417500E+2	1.291000E-7	4.600000E-7	2.806522E-1
1.440000E+2	4.066000E-7	1.935000E-6	2.101292E-1
1.462500E+2	3.188000E-7	1.310000E-6	2.433588E-1
1.485000E+2	3.124000E-7	1.196000E-6	2.612040E-1
1.507500E+2	4.495000E-7	1.818000E-6	2.472497E-1
1.530000E+2	2.595000E-7	9.390000E-7	2.763578E-1
1.552500E+2	4.448000E-7	1.728000E-6	2.574074E-1
1.575000E+2	4.839000E-7	1.768000E-6	2.736991E-1
1.597500E+2	5.365000E-7	1.963000E-6	2.733062E-1
1.620000E+2	6.723000E-7	2.469000E-6	2.722965E-1
1.642500E+2	4.469000E-7	1.483000E-6	3.013486E-1
1.665000E+2	5.062000E-7	1.790000E-6	2.827933E-1
1.687500E+2	6.061000E-7	2.069000E-6	2.929435E-1
1.710000E+2	5.081000E-7	1.677000E-6	3.029815E-1
1.732500E+2	3.169000E-7	9.550000E-7	3.318325E-1
1.755000E+2	6.394000E-7	2.122000E-6	3.013195E-1
1.777500E+2	6.422000E-7	2.029000E-6	3.165106E-1
1.800000E+2	4.965000E-7	1.508000E-6	3.292440E-1
1.822500E+2	6.257000E-7	1.967000E-6	3.180986E-1
1.845000E+2	3.593000E-7	1.087000E-6	3.305428E-1
1.867500E+2	6.698000E-7	2.051000E-6	3.265724E-1
1.890000E+2	4.314000E-7	1.322000E-6	3.263238E-1
1.912500E+2	3.530000E-7	1.079000E-6	3.271548E-1
1.935000E+2	4.965000E-7	1.470000E-6	3.377551E-1
1.957500E+2	4.184000E-7	1.290000E-6	3.243411E-1
1.980000E+2	3.459000E-7	1.032000E-6	3.351744E-1
2.002500E+2	4.851000E-7	1.467000E-6	3.306748E-1
2.025000E+2	1.942000E-7	5.940000E-7	3.269360E-1
2.047500E+2	3.966000E-7	1.154000E-6	3.436742E-1
2.070000E+2	3.874000E-7	1.166000E-6	3.322470E-1
2.092500E+2	6.719000E-7	1.988000E-6	3.379779E-1
2.115000E+2	2.272000E-7	7.130000E-7	3.186536E-1
2.137500E+2	6.942000E-7	2.109000E-6	3.291607E-1
2.160000E+2	3.010000E-7	8.820000E-7	3.412698E-1
2.182500E+2	2.827000E-7	8.610000E-7	3.283391E-1
2.205000E+2	6.176000E-7	1.803000E-6	3.425402E-1
2.227500E+2	4.451000E-7	1.257000E-6	3.540971E-1
2.250000E+2	5.566000E-7	1.509000E-6	3.688535E-1
2.272500E+2	4.307000E-7	1.286000E-6	3.349145E-1
2.295000E+2	2.344000E-7	7.020000E-7	3.339031E-1
2.317500E+2	4.985000E-7	1.494000E-6	3.336680E-1
2.340000E+2	1.944000E-7	5.870000E-7	3.311755E-1
2.362500E+2	3.883000E-7	1.135000E-6	3.421145E-1
2.385000E+2	3.021000E-7	8.400000E-7	3.596429E-1
2.407500E+2	4.498000E-7	1.289000E-6	3.489527E-1
2.430000E+2	1.516000E-7	4.180000E-7	3.626794E-1
2.452500E+2	3.412000E-7	9.670000E-7	3.528438E-1
2.475000E+2	4.325000E-7	1.252000E-6	3.454473E-1
2.497500E+2	3.020000E-7	1.011000E-6	2.987141E-1
2.520000E+2	4.223000E-7	1.220000E-6	3.461475E-1
2.542500E+2	2.423000E-7	6.950000E-7	3.486331E-1
2.565000E+2	4.851000E-7	1.343000E-6	3.612063E-1
2.587500E+2	3.770000E-7	9.910000E-7	3.804238E-1
2.610000E+2	2.640000E-7	7.410000E-7	3.562753E-1
2.632500E+2	4.518000E-7	1.382000E-6	3.269175E-1
2.655000E+2	3.273000E-7	9.430000E-7	3.470838E-1
2.677500E+2	7.788000E-7	2.302000E-6	3.383145E-1
